              precision    recall  f1-score   support

          T7     0.8375    0.9203    0.8770       577
          Tp     0.5067    0.8028    0.6213       142
          Ds     0.7544    0.7307    0.7424      2031
         Bs6     0.6075    0.5159    0.5579       126
          A1     0.9319    0.9187    0.9253       640
         Bvp     0.8354    0.8152    0.8252       330
         BvS     0.8213    0.7949    0.8079       902
          Tn     0.4508    0.5978    0.5140        92
          T3     0.7344    0.7580    0.7460      1806
          Di     0.6323    0.6639    0.6477       360
           U     0.8166    0.7524    0.7832      2225
         Bs3     0.5500    0.5709    0.5603       289
          T6     0.9365    0.9646    0.9503      1468
          K1     0.9083    0.8353    0.8703       747
        Bsmn     0.5263    0.7534    0.6197       146

    accuracy                         0.7929     11881
   macro avg     0.7233    0.7597    0.7366     11881
weighted avg     0.7978    0.7929    0.7940     11881
